teleportenabled: true
teleportauto: false
godmode: false
muted: false
jailed: false
ip-address: 10.42.0.148
afk: false
socialspy: false
npc: false
powertoolsenabled: true
accepting-pay: true
baltop-exempt: false
timestamps:
  lastteleport: 1663304271722
  lastheal: 0
  mute: 0
  jail: 0
  onlinejail: 0
  logout: 1663304407237
  login: 1663304411715
money: '7320'
last-account-name: Ziurch
lastlocation:
  world: 52a07a91-a5cc-4b3e-887d-5e5db6d894f1
  world-name: world
  x: 1834.3787242663911
  y: -48.0
  z: 512.0029935075105
  yaw: -113.78271484375
  pitch: 32.700416564941406
homes:
  home:
    world: 52a07a91-a5cc-4b3e-887d-5e5db6d894f1
    world-name: world
    x: 1825.0959341008606
    y: 64.0
    z: 590.1476524936382
    yaw: 48.86273193359375
    pitch: 27.150598526000977
  mina:
    world: 52a07a91-a5cc-4b3e-887d-5e5db6d894f1
    world-name: world
    x: 1774.1486643236974
    y: 13.0
    z: 793.3445598916757
    yaw: -73.93775939941406
    pitch: 32.70038604736328
  geode:
    world: 52a07a91-a5cc-4b3e-887d-5e5db6d894f1
    world-name: world
    x: 1834.1857933990934
    y: -51.0
    z: 507.02097792978424
    yaw: -162.9209442138672
    pitch: 40.50363540649414
logoutlocation:
  world: 52a07a91-a5cc-4b3e-887d-5e5db6d894f1
  world-name: world
  x: 1781.2343979628895
  y: 69.02825939825573
  z: 668.7618206019586
  yaw: 40.308349609375
  pitch: 5.550853252410889
