teleportenabled: true
teleportauto: false
godmode: false
muted: false
jailed: false
ip-address: 10.42.0.148
afk: false
socialspy: false
npc: false
powertoolsenabled: true
accepting-pay: true
baltop-exempt: false
timestamps:
  lastteleport: 1663285315768
  lastheal: 0
  mute: 0
  jail: 0
  onlinejail: 0
  logout: 1663285839414
  login: 1663279439131
money: '7890'
last-account-name: Benardinho
lastlocation:
  world: 52a07a91-a5cc-4b3e-887d-5e5db6d894f1
  world-name: world
  x: 1765.8634228041333
  y: 63.0
  z: 499.4566113408606
  yaw: -147.44129943847656
  pitch: 13.499958038330078
logoutlocation:
  world: 52a07a91-a5cc-4b3e-887d-5e5db6d894f1
  world-name: world
  x: 1793.699999988079
  y: 5.0
  z: 480.35103653535356
  yaw: 26.57244873046875
  pitch: 35.549922943115234
homes:
  portal:
    world: 52a07a91-a5cc-4b3e-887d-5e5db6d894f1
    world-name: world
    x: 676.6953368739631
    y: 65.0
    z: 117.27624164512473
    yaw: -114.37319946289062
    pitch: 11.099712371826172
  taverna:
    world: 52a07a91-a5cc-4b3e-887d-5e5db6d894f1
    world-name: world
    x: 1772.7273395049845
    y: 63.0
    z: 516.4721990050735
    yaw: 110.54058837890625
    pitch: 15.450014114379883
  slimefarm:
    world: 52a07a91-a5cc-4b3e-887d-5e5db6d894f1
    world-name: world
    x: 1776.300000011921
    y: 42.0
    z: 495.69999998807907
    yaw: -134.6788330078125
    pitch: 30.89977264404297
