teleportenabled: true
teleportauto: false
godmode: false
muted: false
jailed: false
ip-address: 10.42.0.148
afk: false
socialspy: false
npc: false
powertoolsenabled: true
accepting-pay: true
baltop-exempt: false
timestamps:
  lastteleport: 1663284514495
  lastheal: 0
  mute: 0
  jail: 0
  onlinejail: 0
  logout: 1663258488663
  login: 1663279439131
money: '8140'
last-account-name: Benardinho
lastlocation:
  world: 52a07a91-a5cc-4b3e-887d-5e5db6d894f1
  world-name: world
  x: 1776.699999988079
  y: 66.0
  z: 741.243633053167
  yaw: -110.475830078125
  pitch: 22.04958724975586
logoutlocation:
  world: 52a07a91-a5cc-4b3e-887d-5e5db6d894f1
  world-name: world
  x: 1769.7244813558889
  y: 63.0
  z: 517.4345903328783
  yaw: -122.10330200195312
  pitch: 6.899868965148926
homes:
  portal:
    world: 52a07a91-a5cc-4b3e-887d-5e5db6d894f1
    world-name: world
    x: 676.6953368739631
    y: 65.0
    z: 117.27624164512473
    yaw: -114.37319946289062
    pitch: 11.099712371826172
  taverna:
    world: 52a07a91-a5cc-4b3e-887d-5e5db6d894f1
    world-name: world
    x: 1772.7273395049845
    y: 63.0
    z: 516.4721990050735
    yaw: 110.54058837890625
    pitch: 15.450014114379883
  slimefarm:
    world: 52a07a91-a5cc-4b3e-887d-5e5db6d894f1
    world-name: world
    x: 1776.300000011921
    y: 42.0
    z: 495.69999998807907
    yaw: -134.6788330078125
    pitch: 30.89977264404297
