teleportenabled: true
teleportauto: false
godmode: false
muted: false
jailed: false
ip-address: 10.42.0.148
afk: false
socialspy: false
npc: false
powertoolsenabled: true
accepting-pay: true
baltop-exempt: false
timestamps:
  lastteleport: 1663297245879
  lastheal: 0
  mute: 0
  jail: 0
  onlinejail: 0
  logout: 1663285839414
  login: 1663294511233
money: '7690'
last-account-name: Benardinho
lastlocation:
  world: 52a07a91-a5cc-4b3e-887d-5e5db6d894f1
  world-name: world
  x: 1766.074999988079
  y: 63.0
  z: 501.2951971365592
  yaw: -164.9971923828125
  pitch: 48.14972686767578
logoutlocation:
  world: 52a07a91-a5cc-4b3e-887d-5e5db6d894f1
  world-name: world
  x: 1793.699999988079
  y: 5.0
  z: 480.35103653535356
  yaw: 26.57244873046875
  pitch: 35.549922943115234
homes:
  portal:
    world: 52a07a91-a5cc-4b3e-887d-5e5db6d894f1
    world-name: world
    x: 676.6953368739631
    y: 65.0
    z: 117.27624164512473
    yaw: -114.37319946289062
    pitch: 11.099712371826172
  taverna:
    world: 52a07a91-a5cc-4b3e-887d-5e5db6d894f1
    world-name: world
    x: 1772.7273395049845
    y: 63.0
    z: 516.4721990050735
    yaw: 110.54058837890625
    pitch: 15.450014114379883
  slimefarm:
    world: 52a07a91-a5cc-4b3e-887d-5e5db6d894f1
    world-name: world
    x: 1779.7106817342672
    y: 17.0
    z: 482.95693750327837
    yaw: -33.992919921875
    pitch: 7.350150108337402
