teleportenabled: true
teleportauto: false
godmode: false
muted: false
jailed: false
ip-address: 10.42.0.148
afk: false
socialspy: false
npc: false
powertoolsenabled: true
accepting-pay: true
baltop-exempt: false
timestamps:
  lastteleport: 1663313999582
  lastheal: 0
  mute: 0
  jail: 0
  onlinejail: 0
  logout: 1663314185217
  login: 1663312556779
money: '4600'
last-account-name: Benardinho
lastlocation:
  world: 52a07a91-a5cc-4b3e-887d-5e5db6d894f1
  world-name: world
  x: 1856.699999988079
  y: 57.0
  z: 175.48750001192093
  yaw: 169.960205078125
  pitch: 58.3493766784668
logoutlocation:
  world: 52a07a91-a5cc-4b3e-887d-5e5db6d894f1
  world-name: world
  x: 1772.92142303795
  y: 63.0
  z: 516.2481888684707
  yaw: 35.394405364990234
  pitch: 15.900005340576172
homes:
  taverna:
    world: 52a07a91-a5cc-4b3e-887d-5e5db6d894f1
    world-name: world
    x: 1772.7273395049845
    y: 63.0
    z: 516.4721990050735
    yaw: 110.54058837890625
    pitch: 15.450014114379883
  caverna:
    world: 52a07a91-a5cc-4b3e-887d-5e5db6d894f1
    world-name: world
    x: 2318.0265525570394
    y: -44.0
    z: 826.002876673441
    yaw: -111.60082244873047
    pitch: -5.101082801818848
  templo:
    world: 52a07a91-a5cc-4b3e-887d-5e5db6d894f1
    world-name: world
    x: 1857.0078340463137
    y: 56.0
    z: 175.2444904742472
    yaw: 144.00634765625
    pitch: 20.099855422973633
