teleportenabled: true
teleportauto: false
godmode: false
muted: false
jailed: false
ip-address: 10.42.0.148
afk: false
socialspy: false
npc: false
powertoolsenabled: true
accepting-pay: true
baltop-exempt: false
timestamps:
  lastteleport: 1663302756831
  lastheal: 0
  mute: 0
  jail: 0
  onlinejail: 0
  logout: 1663300143072
  login: 1663300143297
money: '6360'
last-account-name: Benardinho
lastlocation:
  world: 52a07a91-a5cc-4b3e-887d-5e5db6d894f1
  world-name: world
  x: 1769.6560839502613
  y: 63.0
  z: 517.0599524754543
  yaw: -124.65985107421875
  pitch: 18.44989776611328
logoutlocation:
  world: 52a07a91-a5cc-4b3e-887d-5e5db6d894f1
  world-name: world
  x: 2327.665894953527
  y: -43.0
  z: 823.7065211740407
  yaw: -107.25077819824219
  pitch: 8.548921585083008
homes:
  taverna:
    world: 52a07a91-a5cc-4b3e-887d-5e5db6d894f1
    world-name: world
    x: 1772.7273395049845
    y: 63.0
    z: 516.4721990050735
    yaw: 110.54058837890625
    pitch: 15.450014114379883
  caverna:
    world: 52a07a91-a5cc-4b3e-887d-5e5db6d894f1
    world-name: world
    x: 2318.0265525570394
    y: -44.0
    z: 826.002876673441
    yaw: -111.60082244873047
    pitch: -5.101082801818848
  templo:
    world: 52a07a91-a5cc-4b3e-887d-5e5db6d894f1
    world-name: world
    x: 1861.6589172471836
    y: 63.0
    z: 212.77846118168412
    yaw: -176.70272827148438
    pitch: 9.149362564086914
