teleportenabled: true
teleportauto: false
godmode: false
muted: false
jailed: false
ip-address: 10.42.0.148
afk: false
socialspy: false
npc: false
powertoolsenabled: true
accepting-pay: true
baltop-exempt: false
timestamps:
  lastteleport: 1663300814742
  lastheal: 0
  mute: 0
  jail: 0
  onlinejail: 0
  logout: 1663300143072
  login: 1663300143297
money: '7010'
last-account-name: Benardinho
lastlocation:
  world: 52a07a91-a5cc-4b3e-887d-5e5db6d894f1
  world-name: world
  x: 1768.342802967621
  y: 73.0
  z: 755.5875711601159
  yaw: -167.2567138671875
  pitch: 23.550016403198242
logoutlocation:
  world: 52a07a91-a5cc-4b3e-887d-5e5db6d894f1
  world-name: world
  x: 2327.665894953527
  y: -43.0
  z: 823.7065211740407
  yaw: -107.25077819824219
  pitch: 8.548921585083008
homes:
  taverna:
    world: 52a07a91-a5cc-4b3e-887d-5e5db6d894f1
    world-name: world
    x: 1772.7273395049845
    y: 63.0
    z: 516.4721990050735
    yaw: 110.54058837890625
    pitch: 15.450014114379883
  slime:
    world: 52a07a91-a5cc-4b3e-887d-5e5db6d894f1
    world-name: world
    x: 1786.5832125802647
    y: 9.0
    z: 489.5613979204133
    yaw: 152.9339599609375
    pitch: 7.650262355804443
  caverna:
    world: 52a07a91-a5cc-4b3e-887d-5e5db6d894f1
    world-name: world
    x: 2318.0265525570394
    y: -44.0
    z: 826.002876673441
    yaw: -111.60082244873047
    pitch: -5.101082801818848
