teleportenabled: true
teleportauto: false
godmode: false
muted: false
jailed: false
ip-address: 10.42.0.148
afk: false
socialspy: false
npc: false
powertoolsenabled: true
accepting-pay: true
baltop-exempt: false
timestamps:
  lastteleport: 1663311638954
  lastheal: 0
  mute: 0
  jail: 0
  onlinejail: 0
  logout: 1663311597057
  login: 1663311602444
money: '4800'
last-account-name: Benardinho
lastlocation:
  world: 52a07a91-a5cc-4b3e-887d-5e5db6d894f1
  world-name: world
  x: 2264.461434717992
  y: 66.0
  z: 1121.5282762309917
  yaw: 120.4411392211914
  pitch: 15.449853897094727
logoutlocation:
  world: 52a07a91-a5cc-4b3e-887d-5e5db6d894f1
  world-name: world
  x: 2286.6900640040462
  y: 61.182019209366004
  z: 1138.4077341709549
  yaw: 150.5894317626953
  pitch: 10.0498628616333
homes:
  taverna:
    world: 52a07a91-a5cc-4b3e-887d-5e5db6d894f1
    world-name: world
    x: 1772.7273395049845
    y: 63.0
    z: 516.4721990050735
    yaw: 110.54058837890625
    pitch: 15.450014114379883
  caverna:
    world: 52a07a91-a5cc-4b3e-887d-5e5db6d894f1
    world-name: world
    x: 2318.0265525570394
    y: -44.0
    z: 826.002876673441
    yaw: -111.60082244873047
    pitch: -5.101082801818848
  templo:
    world: 52a07a91-a5cc-4b3e-887d-5e5db6d894f1
    world-name: world
    x: 1857.0078340463137
    y: 56.0
    z: 175.2444904742472
    yaw: 144.00634765625
    pitch: 20.099855422973633
