teleportenabled: true
teleportauto: false
godmode: false
muted: false
jailed: false
ip-address: 10.42.0.148
afk: false
socialspy: false
npc: false
powertoolsenabled: true
accepting-pay: true
baltop-exempt: false
timestamps:
  lastteleport: 1663304664321
  lastheal: 0
  mute: 0
  jail: 0
  onlinejail: 0
  logout: 1663304342895
  login: 1663304628890
money: '5890'
last-account-name: Benardinho
lastlocation:
  world: 52a07a91-a5cc-4b3e-887d-5e5db6d894f1
  world-name: world
  x: 1861.300000011921
  y: 44.0
  z: 189.84814063030439
  yaw: 17.249305725097656
  pitch: 10.498893737792969
logoutlocation:
  world: 52a07a91-a5cc-4b3e-887d-5e5db6d894f1
  world-name: world
  x: 1861.4679741157647
  y: 44.0
  z: 191.69999998807907
  yaw: -174.451416015625
  pitch: -2.8511273860931396
homes:
  taverna:
    world: 52a07a91-a5cc-4b3e-887d-5e5db6d894f1
    world-name: world
    x: 1772.7273395049845
    y: 63.0
    z: 516.4721990050735
    yaw: 110.54058837890625
    pitch: 15.450014114379883
  caverna:
    world: 52a07a91-a5cc-4b3e-887d-5e5db6d894f1
    world-name: world
    x: 2318.0265525570394
    y: -44.0
    z: 826.002876673441
    yaw: -111.60082244873047
    pitch: -5.101082801818848
  templo:
    world: 52a07a91-a5cc-4b3e-887d-5e5db6d894f1
    world-name: world
    x: 1861.300000011921
    y: 44.0
    z: 189.68803170160498
    yaw: -127.06744384765625
    pitch: 69.29973602294922
