teleportenabled: true
teleportauto: false
godmode: false
muted: false
jailed: false
ip-address: 10.42.0.148
afk: false
socialspy: false
npc: false
powertoolsenabled: true
accepting-pay: true
baltop-exempt: false
timestamps:
  lastteleport: 1663244980022
  lastheal: 0
  mute: 0
  jail: 0
  onlinejail: 0
  logout: 1663243378445
  login: 1663243383635
money: '8800'
last-account-name: Benardinho
lastlocation:
  world: 52a07a91-a5cc-4b3e-887d-5e5db6d894f1
  world-name: world
  x: 1747.699999988079
  y: 65.0
  z: 529.3000000119209
  yaw: 54.4749755859375
  pitch: 14.249670028686523
logoutlocation:
  world: 52a07a91-a5cc-4b3e-887d-5e5db6d894f1
  world-name: world
  x: 1747.9354089952526
  y: 65.0
  z: 526.0854732207684
  yaw: 48.88117218017578
  pitch: 42.89926528930664
homes:
  deserto:
    world: 52a07a91-a5cc-4b3e-887d-5e5db6d894f1
    world-name: world
    x: 693.9057492019444
    y: 82.0
    z: 835.7122708714883
    yaw: -58.27001953125
    pitch: 10.349733352661133
  portal:
    world: 52a07a91-a5cc-4b3e-887d-5e5db6d894f1
    world-name: world
    x: 676.6953368739631
    y: 65.0
    z: 117.27624164512473
    yaw: -114.37319946289062
    pitch: 11.099712371826172
  taverna:
    world: 52a07a91-a5cc-4b3e-887d-5e5db6d894f1
    world-name: world
    x: 1772.7273395049845
    y: 63.0
    z: 516.4721990050735
    yaw: 110.54058837890625
    pitch: 15.450014114379883
