teleportenabled: true
teleportauto: false
godmode: false
muted: false
jailed: false
ip-address: 10.42.0.148
afk: false
socialspy: false
npc: false
powertoolsenabled: true
accepting-pay: true
baltop-exempt: false
timestamps:
  lastteleport: 1663228454372
  lastheal: 0
  mute: 0
  jail: 0
  onlinejail: 0
  logout: 1663239236570
  login: 1663239241652
money: '9100'
last-account-name: Benardinho
lastlocation:
  world: 52a07a91-a5cc-4b3e-887d-5e5db6d894f1
  world-name: world
  x: 765.3000000119209
  y: 63.0
  z: 330.1651959069721
  yaw: 38.941680908203125
  pitch: 2.100094795227051
logoutlocation:
  world: 52a07a91-a5cc-4b3e-887d-5e5db6d894f1
  world-name: world
  x: 1749.631613489419
  y: 62.5
  z: 531.2866122709268
  yaw: 135.5337371826172
  pitch: 16.949920654296875
homes:
  deserto:
    world: 52a07a91-a5cc-4b3e-887d-5e5db6d894f1
    world-name: world
    x: 693.9057492019444
    y: 82.0
    z: 835.7122708714883
    yaw: -58.27001953125
    pitch: 10.349733352661133
  portal:
    world: 52a07a91-a5cc-4b3e-887d-5e5db6d894f1
    world-name: world
    x: 676.6953368739631
    y: 65.0
    z: 117.27624164512473
    yaw: -114.37319946289062
    pitch: 11.099712371826172
  taverna:
    world: 52a07a91-a5cc-4b3e-887d-5e5db6d894f1
    world-name: world
    x: 1772.7273395049845
    y: 63.0
    z: 516.4721990050735
    yaw: 110.54058837890625
    pitch: 15.450014114379883
