teleportenabled: true
teleportauto: false
godmode: false
muted: false
jailed: false
ip-address: 10.42.0.148
afk: false
socialspy: false
npc: false
powertoolsenabled: true
accepting-pay: true
baltop-exempt: false
timestamps:
  lastteleport: 1663368729582
  lastheal: 0
  mute: 0
  jail: 0
  onlinejail: 0
  logout: 1663369401397
  login: 1663369508907
money: '6660'
last-account-name: VenomExtreme
logoutlocation:
  world: 52a07a91-a5cc-4b3e-887d-5e5db6d894f1
  world-name: world
  x: 1903.3950776350316
  y: 165.5
  z: 933.4702150093395
  yaw: 174.36929321289062
  pitch: 3.3000221252441406
lastlocation:
  world: 52a07a91-a5cc-4b3e-887d-5e5db6d894f1
  world-name: world
  x: 1902.5440789869826
  y: 121.0
  z: 928.4861113956663
  yaw: -24.2906494140625
  pitch: 16.349918365478516
homes:
  a:
    world: 52a07a91-a5cc-4b3e-887d-5e5db6d894f1
    world-name: world
    x: 1776.2506622486762
    y: 63.0
    z: 534.1919521476308
    yaw: 150.23403930664062
    pitch: 13.499859809875488
  b:
    world: 52a07a91-a5cc-4b3e-887d-5e5db6d894f1
    world-name: world
    x: 1903.273929416089
    y: 154.0
    z: 931.7806447757848
    yaw: -2.3271484375
    pitch: 46.64985275268555
  bloc:
    world: 52a07a91-a5cc-4b3e-887d-5e5db6d894f1
    world-name: world
    x: 1905.508399661746
    y: 137.0
    z: 933.829463322784
    yaw: -177.8583984375
    pitch: 87.60017395019531
