teleportenabled: true
teleportauto: false
godmode: false
muted: false
jailed: false
ip-address: 10.42.0.148
afk: false
socialspy: false
npc: false
powertoolsenabled: true
accepting-pay: true
baltop-exempt: false
timestamps:
  lastteleport: 1663349583582
  lastheal: 0
  mute: 0
  jail: 0
  onlinejail: 0
  logout: 1663348399688
  login: 1663348405380
money: '7670'
last-account-name: VenomExtreme
logoutlocation:
  world: 52a07a91-a5cc-4b3e-887d-5e5db6d894f1
  world-name: world
  x: 1897.7942326265834
  y: 121.0
  z: 930.3835190584758
  yaw: -125.67205810546875
  pitch: 12.449670791625977
lastlocation:
  world: 52a07a91-a5cc-4b3e-887d-5e5db6d894f1
  world-name: world
  x: 1747.300000011921
  y: 63.0
  z: 527.3000000119209
  yaw: 145.8013916015625
  pitch: 66.00003814697266
homes:
  a:
    world: 52a07a91-a5cc-4b3e-887d-5e5db6d894f1
    world-name: world
    x: 1776.2506622486762
    y: 63.0
    z: 534.1919521476308
    yaw: 150.23403930664062
    pitch: 13.499859809875488
  cave:
    world: 52a07a91-a5cc-4b3e-887d-5e5db6d894f1
    world-name: world
    x: 2327.9594292318034
    y: -42.0
    z: 800.437027959934
    yaw: -109.101318359375
    pitch: 7.499692916870117
  farm:
    world: 52a07a91-a5cc-4b3e-887d-5e5db6d894f1
    world-name: world
    x: 1903.8361675658912
    y: 145.0
    z: 936.569186054918
    yaw: 154.9605712890625
    pitch: 45.90001678466797
